D 2
F 2
M 2
S 2
sd
1000.000000 1000.000000
sf
1000.000000 1000.000000
sm
1000.000000 1000.000000
ss
1000.000000 1000.000000
cd
2.000000 2.000000
2.000000 2.000000
cf
2.000000 2.000000
2.000000 2.000000
cm
2.000000 2.000000
2.000000 2.000000
ud
1.000000 1.000000
uf
1.000000 1.000000
um
1.000000 1.000000
p
150.000000 150.000000 
xdminmax
0.000000 1000.000000 0.000000 1000.000000
0.000000 1000.000000 0.000000 1000.000000
xfminmax
0.000000 1000.000000 0.000000 1000.000000
0.000000 1000.000000 0.000000 1000.000000
xmminmax
0 1000 0 1000
0 1000 0 1000